15285 646 249
15620 681 240
10065 676 237
18140 607 266
10325 758 249
11197 739 267
13122 749 264
19250 682 227
16061 665 258
165356 611 267
16784 723 117
122427 602 200
48979 585 220
13983 609 265
10240 614 266
11817 642 129
10255 753 225
13946 683 263
11191 570 163
14467 614 211
17384 499 115
13203 677 225
31418 759 190
11501 783 187
11393 593 246
21234 672 250
22165 689 250
11167 667 214
12603 701 219
26726 663 214
21690 709 269
13288 700 229
31881 578 183
175403 500 119
16857 736 253
15966 596 226
15707 740 250
17397 687 235
12313 666 208
14523 696 251
10934 603 202
16891 705 231
16596 686 256
37293 598 196
16735 730 278
24585 663 209
12412 686 241
11191 676 214
36825 554 217
10208 555 144
25672 497 116
14353 626 229
115208 537 152
10345 547 212
12710 623 259
15868 662 211
14435 704 114
25883 717 96
57178 666 211
10707 590 213
13869 571 105
11472 691 237
19026 494 120
14277 561 122
22058 559 142
13789 527 151
11517 613 262
10466 609 191
12444 604 197
16688 615 263
31674 561 205
10030 688 281
16023 507 137
10248 637 240
16445 635 244
16395 496 115
11981 685 254
15253 603 200
14935 619 263
10601 535 154
15983 540 151
14838 677 253
18461 611 260
17296 533 154
10653 626 267
10635 694 228
20576 615 270
10872 708 235
69843 746 254
33342 690 284
12919 676 249
13912 692 208
14162 607 127
27297 595 120
15096 608 229
11891 618 170
11573 697 232
14270 615 180
15802 685 238
12610 504 116
40096 614 178
28177 696 244
11973 727 255
29009 495 119
10885 501 126
15544 554 145
14172 694 249
19182 693 231
11734 687 252
17884 667 257
18325 702 242
16313 721 258
89153 697 261
13372 663 244
10805 609 197
23239 539 181
11632 686 244
22804 681 224
339234 683 247
