Cephalosporin 176375 75 8 1 11 1 24 1 36 4 38 1 45 1 47 3 50 1 52 1 65 4 71 1 75 4 76 2 77 2 78 1 79 5 80 4 81 2 82 1 83 2 84 2 85 1 88 2 89 1 90 2 91 7 92 2 93 1 94 2 95 5 96 2 97 5 98 1 99 1 100 2 101 1 102 1 104 4 105 2 106 1 109 1 110 2 111 3 117 2 118 1 119 1 121 8 122 3 123 1 124 2 126 1 128 1 129 1 131 7 132 1 133 6 135 4 137 12 139 2 140 6 141 1 142 8 143 2 144 2 148 3 150 4 151 5 153 4 154 3 155 3 156 11 157 3 158 9 162 10 163 1
Benzodiazepine 159474 58 19 1 51 4 55 1 58 1 59 2 60 2 61 4 62 4 64 2 67 2 73 2 75 2 78 1 79 1 80 1 81 1 85 1 87 4 88 1 92 1 95 1 97 2 100 2 101 1 102 2 103 2 104 6 105 2 107 2 110 1 111 2 112 1 117 1 118 1 119 1 121 4 122 1 124 2 128 1 129 1 132 3 134 2 135 2 137 4 140 3 141 1 142 2 143 2 144 2 148 5 150 2 153 3 154 1 155 2 156 3 158 4 162 18 163 3
Benzodiazepine 091339 39 19 1 62 4 72 1 75 2 78 1 79 1 80 1 85 1 87 2 92 2 93 1 95 2 101 1 103 1 105 2 107 1 110 2 117 2 119 1 121 4 122 1 131 1 134 1 135 2 137 4 139 1 140 2 141 1 142 2 143 4 144 1 148 1 150 2 154 1 156 4 157 1 158 4 162 12 163 2
Benzodiazepine 091392 41 19 1 22 1 62 4 75 2 78 1 79 1 80 1 85 1 87 2 92 1 95 1 100 2 101 1 103 1 104 2 105 2 107 1 110 1 111 1 117 1 119 1 121 4 122 1 129 1 132 1 134 1 135 2 137 4 140 1 142 2 143 2 144 1 148 1 150 1 153 2 154 1 155 1 156 3 158 4 162 12 163 2
Benzodiazepine 091387 35 19 1 54 1 62 4 72 1 78 1 79 1 80 1 87 2 92 2 95 2 101 1 103 1 105 2 107 1 110 2 117 2 119 1 121 4 131 2 134 1 135 2 137 4 139 1 140 2 142 2 143 4 144 1 150 1 151 1 154 1 156 4 157 1 158 3 162 12 163 2
Benzodiazepine 091396 35 19 1 62 4 78 1 79 1 80 1 87 2 92 1 95 1 100 1 101 1 103 1 104 2 105 2 107 1 110 1 111 1 117 1 119 1 121 4 131 1 132 1 134 1 135 2 137 4 140 1 142 2 143 2 144 1 151 1 153 1 154 1 156 3 158 3 162 12 163 2
Benzodiazepine 091375 42 19 1 24 1 56 1 62 4 63 1 70 1 71 2 78 1 79 1 80 1 92 1 94 2 95 1 100 1 101 1 102 2 104 2 105 2 110 1 111 1 117 1 119 2 121 4 122 1 124 2 131 1 132 1 133 2 135 4 137 4 140 3 142 3 143 2 144 1 148 1 151 1 153 1 154 1 156 4 158 4 162 12 163 2
Benzodiazepine 091379 39 19 1 62 4 72 1 75 2 78 1 79 1 80 1 85 1 87 4 92 2 93 1 95 2 101 1 103 2 105 2 107 2 110 2 117 2 119 1 121 4 122 1 131 1 134 2 135 2 137 4 139 1 140 2 141 1 142 2 143 4 144 2 148 1 150 3 154 1 156 4 157 1 158 4 162 12 163 2
Benzodiazepine 091398 43 19 1 42 3 62 4 75 2 78 1 79 1 80 1 85 1 87 2 92 1 95 1 100 2 101 1 103 1 104 5 105 2 106 1 107 5 110 1 111 1 112 1 117 1 119 1 121 4 122 1 129 1 132 1 134 4 135 2 137 4 140 1 142 2 143 2 144 1 148 1 150 1 153 2 154 1 155 1 156 3 158 4 162 12 163 2
Benzodiazepine 127118 42 19 1 22 1 42 1 62 4 75 2 78 1 79 1 80 1 85 1 87 4 92 1 95 1 100 2 101 1 103 1 104 2 105 2 107 2 110 1 111 1 117 1 119 1 121 4 122 1 129 1 132 1 134 2 135 2 137 4 140 1 142 2 143 2 144 2 148 1 150 2 153 2 154 1 155 1 156 3 158 4 162 12 163 2
Benzodiazepine 091376 48 19 1 42 1 62 4 75 2 78 1 79 2 80 1 85 2 86 3 87 4 92 1 95 1 100 5 101 1 103 1 104 4 105 2 107 2 108 2 110 1 111 3 114 2 116 4 117 1 118 1 119 1 121 4 122 2 128 1 129 3 132 1 134 2 135 2 137 4 140 1 141 2 142 3 143 2 144 2 148 2 150 2 153 5 154 1 155 4 156 3 158 7 162 12 163 2
Benzodiazepine 091377 50 19 1 24 1 42 1 56 1 62 4 63 1 70 1 71 2 75 2 78 1 79 1 80 1 85 1 87 2 92 1 93 1 94 2 95 1 100 1 101 1 102 2 104 2 105 2 107 1 110 1 111 1 116 1 117 1 119 2 121 4 122 2 124 2 132 1 133 2 134 1 135 4 137 4 140 3 141 1 142 3 143 2 144 2 148 2 150 2 153 1 154 1 156 4 158 5 162 12 163 2
Benzodiazepine 091122 42 19 1 42 1 62 4 78 1 79 1 80 1 87 4 89 2 92 1 95 3 97 2 101 1 103 1 105 2 107 2 109 1 110 1 114 1 117 1 119 1 121 4 123 1 126 1 131 1 134 2 135 2 137 4 140 3 141 1 142 2 143 2 144 2 150 2 151 1 153 1 154 2 155 1 156 4 157 2 158 3 162 12 163 2
Benzodiazepine 091323 41 19 1 62 4 75 2 78 1 79 1 80 1 85 1 87 2 92 1 93 1 95 1 100 1 101 1 103 1 104 2 105 2 107 1 110 1 111 1 116 1 117 1 119 1 121 4 122 1 132 1 134 1 135 2 137 4 140 1 141 1 142 2 143 2 144 1 148 1 150 1 153 1 154 1 156 3 158 4 162 12 163 2
Benzodiazepine 091391 47 19 1 24 1 56 1 62 4 63 1 70 1 71 2 78 1 79 1 80 1 87 2 92 1 94 2 95 1 100 1 101 1 102 2 103 1 104 2 105 2 107 1 110 1 111 1 117 1 119 2 121 4 122 1 124 2 131 1 132 1 133 2 134 1 135 4 137 4 140 3 142 3 143 2 144 2 148 1 150 1 151 1 153 1 154 1 156 4 158 4 162 12 163 2
Benzodiazepine 091031 46 19 1 41 1 42 1 62 4 72 1 75 2 78 1 79 1 80 2 85 1 87 4 91 1 92 2 95 2 100 1 101 1 103 1 104 2 105 2 107 2 110 2 111 2 117 2 118 1 119 1 121 4 122 1 131 1 134 2 135 2 137 4 139 1 140 2 142 3 143 4 144 2 148 1 150 3 153 1 154 1 155 2 156 4 157 1 158 4 162 12 163 2
Benzodiazepine 091394 44 19 1 23 1 62 4 72 1 74 1 75 2 78 1 79 1 80 2 85 2 86 9 87 2 92 2 93 3 95 2 97 1 101 1 103 1 105 2 106 1 107 1 110 4 117 4 119 1 121 4 122 2 123 1 126 1 134 1 135 2 137 4 140 3 141 3 142 3 143 4 144 1 148 2 150 2 154 2 156 5 157 2 158 7 162 12 163 2
Benzodiazepine 297743 46 19 1 42 1 62 4 78 1 79 1 80 1 87 4 90 1 91 1 92 1 93 1 95 1 101 1 103 1 104 3 105 2 107 2 108 1 110 1 111 1 116 1 117 1 118 1 119 1 121 4 123 1 126 1 131 1 132 2 134 2 135 2 137 4 140 3 141 1 142 2 143 2 144 2 150 2 151 1 154 2 155 2 156 4 157 2 158 3 162 12 163 2
Benzodiazepine 297744 46 19 1 42 1 46 1 62 4 78 1 79 1 80 1 87 4 90 1 91 1 92 1 93 1 95 1 101 1 104 3 105 2 107 2 108 1 110 1 111 1 116 1 117 1 118 1 119 1 121 4 123 1 126 1 131 1 132 2 134 2 135 2 137 4 140 3 141 1 142 2 143 2 144 2 150 2 151 1 154 2 155 2 156 4 157 2 158 3 162 12 163 2
Benzodiazepine 297745 46 19 1 42 1 62 4 78 1 79 1 80 1 87 4 90 1 91 1 92 1 95 1 101 1 103 1 104 3 105 2 107 2 109 1 110 1 111 1 117 1 118 1 119 1 121 4 123 1 126 1 128 1 129 1 131 1 132 2 134 2 135 2 137 4 140 3 142 2 143 2 144 2 150 2 151 1 153 1 154 2 155 3 156 4 157 2 158 3 162 18 163 3
Benzodiazepine 297746 45 19 1 62 4 78 1 79 1 80 1 87 4 90 1 91 1 92 1 93 1 95 1 101 1 103 2 104 3 105 2 107 2 108 1 110 1 111 1 116 1 117 1 118 1 119 1 121 4 123 1 126 1 131 1 132 2 134 2 135 2 137 4 140 3 141 1 142 2 143 2 144 2 150 2 151 1 154 2 155 2 156 4 157 2 158 3 162 12 163 2
Benzodiazepine 297747 46 19 1 42 1 62 4 75 2 78 1 79 1 80 1 85 1 87 4 92 1 93 2 95 1 101 1 103 1 104 3 105 2 107 2 108 2 110 1 111 1 116 1 117 1 118 1 119 1 121 4 122 1 123 1 126 1 132 2 134 2 135 2 137 4 140 3 141 2 142 2 143 2 144 2 148 1 150 3 154 2 155 2 156 4 157 2 158 4 162 12 163 2
CalciumChannelBlocker 291201 44 45 2 50 2 54 1 62 4 66 1 72 2 74 3 76 4 82 1 90 1 93 3 95 1 97 5 98 1 99 2 100 1 104 2 109 1 112 1 113 4 116 3 121 2 123 2 126 4 131 3 132 2 137 2 139 1 140 7 141 8 142 2 143 4 144 1 150 5 151 2 152 3 153 2 154 2 155 2 156 5 157 9 158 4 162 6 163 2
CalciumChannelBlocker 145448 52 24 1 45 2 50 2 56 1 62 4 63 1 70 1 71 2 76 4 82 2 84 1 86 1 88 1 91 3 93 1 94 2 97 4 98 1 99 2 100 1 102 2 104 3 108 1 109 1 111 2 114 1 118 1 119 1 121 2 122 1 123 2 124 2 126 2 129 1 131 3 133 2 135 2 137 2 140 6 141 3 142 3 148 1 150 4 151 3 153 4 154 2 155 4 156 3 157 4 158 4 162 6 163 2
CalciumChannelBlocker 155874 43 45 2 50 2 62 4 66 1 74 4 76 4 79 1 85 1 86 15 93 2 97 4 98 1 99 3 100 1 104 1 108 1 109 2 111 1 112 1 114 2 115 2 121 2 122 1 123 3 126 3 131 1 137 2 140 6 141 8 142 2 144 1 148 1 150 5 151 1 152 3 153 3 154 3 155 3 156 2 157 6 158 5 162 6 163 2
CalciumChannelBlocker 174260 50 42 1 45 2 50 2 57 2 62 4 72 1 75 2 76 4 83 1 85 1 86 3 87 2 93 1 95 1 96 1 97 4 98 2 99 2 100 3 104 4 107 1 109 1 111 2 118 4 121 4 122 1 123 2 126 2 128 3 129 4 131 1 132 2 134 1 137 6 140 5 141 3 142 2 144 1 148 1 150 5 151 1 152 2 153 4 154 2 155 2 156 2 157 4 158 5 162 11 163 3
CalciumChannelBlocker 162312 40 24 1 45 2 50 2 56 1 62 4 63 1 70 1 71 2 76 4 93 1 94 2 97 4 98 1 99 3 102 2 109 1 119 1 121 2 122 1 123 2 124 2 126 2 131 1 133 2 135 2 137 2 140 6 141 3 142 2 148 1 150 4 151 1 153 1 154 2 155 1 156 3 157 4 158 3 162 12 163 3
CalciumChannelBlocker 108100 41 24 1 41 1 45 2 50 2 56 1 62 4 63 1 70 1 71 2 74 1 76 4 79 1 93 1 94 2 97 4 98 1 99 2 102 2 119 1 121 2 122 1 123 2 124 2 126 2 131 1 133 2 135 2 137 2 140 6 141 4 142 3 148 1 150 4 151 1 152 1 154 2 156 3 157 4 158 3 162 6 163 2
CalciumChannelBlocker 115055 41 24 1 45 2 50 2 56 1 62 4 63 1 70 1 71 2 76 4 93 1 94 2 97 4 98 1 99 2 102 2 109 1 114 1 119 1 121 2 122 1 123 2 124 2 126 2 131 1 133 2 135 2 137 2 140 6 141 4 142 2 148 1 150 4 151 1 153 1 154 2 155 1 156 3 157 4 158 3 162 6 163 2
CalciumChannelBlocker 090251 43 24 1 45 2 50 2 56 1 62 4 63 1 70 1 71 2 74 1 76 4 93 1 94 2 97 4 98 1 99 2 102 2 109 1 115 2 119 1 121 2 122 1 123 2 124 2 126 2 131 1 133 2 135 2 137 2 140 6 141 5 142 2 144 1 148 1 150 5 151 1 153 1 154 2 155 1 156 3 157 4 158 3 162 6 163 2
CalciumChannelBlocker 115056 49 24 1 45 2 50 2 56 1 62 4 63 1 70 1 71 2 72 1 74 1 76 4 86 3 93 1 94 2 97 4 98 1 99 2 102 2 104 2 109 2 115 1 116 1 118 1 119 1 121 2 122 1 123 2 124 2 126 3 131 1 132 2 133 2 135 2 137 2 140 7 141 5 142 2 148 1 150 4 151 1 152 1 153 2 154 2 155 2 156 3 157 6 158 3 162 6 163 2
CalciumChannelBlocker 133799 38 24 1 45 2 50 2 56 1 62 4 63 1 70 1 71 2 76 4 93 2 94 2 97 4 98 1 99 2 102 2 119 1 121 2 122 1 123 2 124 2 126 2 131 1 133 2 135 2 137 2 140 6 141 4 142 2 144 1 148 1 150 5 151 1 154 2 156 3 157 4 158 3 162 6 163 2
CalciumChannelBlocker 091152 51 24 1 45 2 50 2 56 1 62 4 63 1 70 1 71 2 76 4 85 1 86 7 93 2 94 2 95 1 97 4 98 1 99 2 100 2 102 2 104 2 109 1 111 1 115 2 116 1 118 1 119 1 121 2 122 2 123 2 124 2 126 2 129 1 131 1 132 1 133 2 135 2 137 2 140 6 141 4 142 3 148 2 150 4 151 1 153 3 154 2 155 3 156 3 157 4 158 6 162 12 163 3
CalciumChannelBlocker 142671 54 24 1 45 2 50 2 56 1 62 4 63 1 70 1 71 2 75 2 76 4 83 1 85 1 86 3 93 1 94 2 95 1 96 1 97 5 98 1 99 2 100 3 102 2 104 3 111 1 118 1 119 1 121 4 122 2 123 2 124 2 126 2 128 1 129 1 131 1 132 2 133 2 135 2 137 4 140 6 141 3 142 3 143 2 148 2 150 4 151 1 152 1 153 3 154 2 155 1 156 3 157 4 158 6 162 12 163 3
CalciumChannelBlocker 130598 32 45 2 50 2 62 4 66 1 74 3 76 4 97 4 98 1 99 3 109 2 112 1 114 2 121 2 123 3 126 3 131 1 137 2 140 6 141 7 142 1 144 1 150 5 151 1 152 3 153 2 154 3 155 2 156 2 157 6 158 2 162 6 163 2
CalciumChannelBlocker 306136 46 45 2 50 2 54 1 62 4 72 2 76 4 82 2 86 1 90 1 91 1 93 3 95 2 97 5 98 1 99 2 100 2 104 4 109 2 111 1 113 6 118 1 121 2 123 2 126 5 128 1 129 1 131 3 132 3 137 2 139 1 140 8 141 5 142 2 143 6 144 1 150 5 151 2 152 4 153 4 154 2 155 4 156 2 157 11 158 4 162 12 163 3
CalciumChannelBlocker 315520 46 45 2 50 2 54 1 62 4 72 3 76 4 82 2 86 1 90 1 91 1 93 4 95 2 97 5 98 1 99 2 100 2 104 4 109 2 111 1 113 8 118 1 121 2 123 2 126 6 128 1 129 1 131 3 132 3 137 2 139 1 140 9 141 6 142 2 143 8 144 2 150 6 151 2 152 5 153 4 154 2 155 4 156 2 157 13 158 4 162 12 163 3
CalciumChannelBlocker 163877 51 24 1 45 2 50 2 56 1 57 2 62 4 63 1 70 1 71 2 72 1 76 4 83 1 93 1 94 2 96 1 97 4 98 1 99 2 102 2 104 3 109 2 118 2 119 1 121 2 122 1 123 2 124 2 126 2 128 2 129 2 131 1 132 3 133 2 135 2 137 4 140 7 141 3 142 2 144 1 148 1 150 5 151 1 152 1 153 2 154 2 155 1 156 3 157 6 158 3 162 6 163 2
CalciumChannelBlocker 271795 33 34 2 45 2 50 2 62 4 76 4 96 1 97 4 98 1 99 4 101 3 105 4 109 2 121 2 123 2 126 2 131 1 137 2 140 5 141 2 142 1 143 2 144 3 150 4 151 1 152 1 153 2 154 3 155 2 156 2 157 4 158 2 162 12 163 3
CalciumChannelBlocker 090008 33 45 2 50 2 62 4 76 4 87 4 93 1 97 4 98 1 99 2 103 2 107 2 109 1 114 1 121 2 123 2 126 2 131 1 134 2 137 2 140 4 141 4 142 1 144 2 150 6 151 1 153 1 154 2 155 1 156 2 157 4 158 2 162 6 163 2
CalciumChannelBlocker 119555 42 45 2 50 2 52 1 57 2 62 8 65 2 74 1 76 4 80 2 83 1 87 4 92 1 94 1 95 2 96 1 97 3 98 1 99 2 103 2 107 2 110 2 117 2 121 5 123 1 124 1 126 1 131 1 134 2 137 7 140 3 141 4 142 3 144 2 150 6 151 1 152 1 154 1 156 3 157 2 158 2 162 11 163 2
CalciumChannelBlocker 148863 55 28 1 42 1 45 2 50 2 57 4 62 4 72 1 74 1 76 4 83 1 85 1 86 7 87 2 93 1 95 1 96 1 97 4 98 1 99 2 100 2 101 1 104 2 105 2 107 1 109 2 111 1 113 4 115 2 116 1 118 1 121 2 122 1 123 3 126 2 129 1 131 1 132 1 134 1 137 6 140 6 141 5 142 2 144 2 148 1 150 4 151 1 152 3 153 4 154 2 155 3 156 2 157 8 158 5 162 12 163 3
CalciumChannelBlocker 226911 41 28 1 45 2 50 2 62 4 76 4 87 4 89 2 93 1 97 4 98 1 99 2 103 2 104 2 107 2 109 1 114 1 115 1 118 1 121 2 123 4 126 3 128 1 129 1 131 1 132 2 134 2 137 2 140 6 141 4 142 1 144 2 150 6 151 1 153 1 154 3 155 3 156 2 157 6 158 2 162 6 163 2
CalciumChannelBlocker 131335 47 24 1 45 2 50 2 56 1 62 4 63 1 70 1 71 2 72 1 76 4 86 3 93 1 94 2 97 4 98 1 99 3 102 2 104 2 109 3 115 1 116 1 118 1 119 1 121 2 122 1 123 2 124 2 126 3 131 1 132 2 133 2 135 2 137 2 140 7 141 3 142 2 148 1 150 4 151 1 153 3 154 2 155 3 156 3 157 6 158 3 162 12 163 3
CalciumChannelBlocker 090489 52 24 1 45 2 50 2 56 1 62 4 63 1 70 1 71 2 75 2 76 4 85 1 86 3 93 1 94 2 95 1 97 4 98 2 99 2 100 3 102 2 104 3 111 1 118 2 119 1 121 4 122 2 123 2 124 2 126 2 128 2 129 2 131 1 132 2 133 2 135 2 137 4 140 6 141 3 142 3 143 2 148 2 150 4 151 1 152 1 153 3 154 2 155 1 156 3 157 4 158 6 162 12 163 4
CalciumChannelBlocker 122198 46 24 1 45 2 50 2 56 1 62 4 63 1 70 1 71 2 72 1 76 4 93 1 94 2 97 4 98 1 99 2 102 2 104 1 109 1 115 1 119 1 121 2 122 1 123 2 124 2 126 2 131 1 132 1 133 2 135 2 137 2 140 7 141 4 142 2 144 1 148 1 150 5 151 1 152 1 153 1 154 3 155 1 156 3 157 4 158 3 162 6 163 2
Cephalosporin 091132 68 8 1 11 1 24 1 36 4 45 1 47 5 50 1 52 3 59 2 64 2 65 4 70 2 71 1 75 2 76 2 77 4 78 1 79 7 80 2 81 3 83 2 84 1 85 1 88 3 89 1 91 3 92 2 93 2 94 4 95 4 96 2 97 4 98 1 99 1 101 1 102 1 105 2 106 2 108 1 110 2 117 2 119 1 121 10 122 2 123 1 124 4 126 1 131 4 133 4 135 2 137 14 139 1 140 5 141 2 142 9 143 2 144 1 148 2 150 3 151 3 153 2 154 3 155 1 156 10 157 2 158 7 162 10 163 1
Cephalosporin 291858 57 8 1 11 1 36 4 45 1 47 1 50 1 72 1 76 2 79 2 81 2 83 1 85 1 87 6 88 2 91 3 92 2 95 3 96 1 97 2 98 1 99 1 101 1 103 3 104 3 105 2 107 3 109 1 110 2 111 1 113 6 117 2 121 3 122 1 123 1 126 2 131 2 132 1 133 2 134 3 137 7 139 1 140 6 142 2 143 8 144 2 148 1 150 4 151 1 152 3 153 2 154 3 155 2 156 5 157 5 158 5 162 17 163 3
Cephalosporin 166459 66 8 1 11 1 24 1 28 1 36 4 45 1 47 3 54 2 65 2 66 1 71 1 74 3 76 1 77 1 78 1 79 5 80 1 81 2 83 1 84 1 85 1 88 2 89 3 91 1 92 3 93 1 94 1 95 5 96 1 97 5 98 1 99 1 101 1 102 1 105 2 106 1 108 3 109 1 110 3 112 1 117 3 119 1 121 5 122 1 123 3 124 1 126 3 131 4 133 4 135 2 137 9 140 8 141 5 142 6 143 2 148 1 150 1 151 4 153 2 154 5 155 1 156 10 157 5 158 8 162 5 163 1
Cephalosporin 129370 52 8 1 11 1 36 4 45 1 47 3 50 1 65 2 76 2 77 1 79 2 80 1 81 2 83 1 84 1 85 1 88 2 91 3 92 2 95 3 96 1 97 2 98 1 99 2 101 1 104 2 105 2 106 1 110 2 117 2 121 5 122 1 123 2 131 5 132 2 133 4 135 2 137 9 139 2 140 6 142 4 143 2 148 1 150 1 151 3 153 1 154 4 155 1 156 7 157 2 158 6 162 5 163 1
Cephalosporin 100078 73 8 1 11 1 24 1 28 1 36 4 38 1 45 1 47 3 50 1 52 3 65 4 66 1 70 2 71 1 74 3 75 2 76 2 77 4 78 1 79 7 80 3 81 2 83 2 84 1 85 1 88 2 89 3 91 1 92 2 93 1 94 4 95 4 96 2 97 4 98 1 99 1 100 1 101 1 102 1 104 2 105 2 106 1 108 4 109 1 110 2 111 2 112 1 117 2 119 1 121 10 122 2 123 3 124 4 126 3 131 3 133 4 135 2 137 14 140 7 141 5 142 9 143 2 148 2 150 2 151 3 153 3 154 4 155 2 156 10 157 5 158 7 162 10 163 1
Cephalosporin 188550 47 8 1 11 1 36 2 45 1 47 1 50 1 54 2 76 2 79 3 81 1 84 1 85 1 88 1 91 2 92 2 95 4 97 1 98 1 99 2 101 1 105 2 108 1 110 2 113 2 117 2 121 3 122 1 123 1 131 5 133 2 137 5 139 2 140 5 141 1 142 3 143 4 148 1 150 2 151 3 152 1 153 1 154 3 156 6 157 2 158 6 162 6 163 2
Cephalosporin 127911 67 8 1 11 1 15 1 24 1 36 4 45 1 47 3 50 1 65 2 71 1 74 1 76 2 77 1 78 1 79 4 80 1 81 2 83 1 84 1 85 1 86 3 88 2 89 4 91 1 92 2 93 2 94 1 95 4 96 1 97 5 98 1 99 1 101 1 102 1 105 2 106 2 108 1 109 1 110 2 115 1 117 2 119 1 121 5 122 1 123 5 124 1 126 5 131 3 133 4 135 2 137 9 140 9 141 5 142 5 143 2 148 1 150 2 151 3 152 1 153 2 154 4 155 1 156 8 157 9 158 6 162 5 163 1
Cephalosporin 091106 70 8 1 11 1 36 4 45 1 47 5 50 1 52 3 59 2 64 2 65 4 70 2 74 1 75 2 76 2 77 4 79 6 80 3 81 3 83 2 84 1 85 2 86 15 88 3 91 5 92 2 93 2 94 3 95 3 96 2 97 2 98 1 99 1 100 2 101 1 104 6 105 2 106 2 110 2 111 5 115 2 116 2 117 2 118 1 121 10 122 3 123 1 124 3 128 1 131 4 132 1 133 4 135 2 137 14 139 1 140 4 141 2 142 9 143 2 144 1 148 3 150 3 151 3 153 4 154 3 155 4 156 9 157 1 158 10 162 10 163 1
Cephalosporin 176375 75 8 1 11 1 24 1 36 4 38 1 45 1 47 3 50 1 52 1 65 4 71 1 75 4 76 2 77 2 78 1 79 5 80 4 81 2 82 1 83 2 84 2 85 1 88 2 89 1 90 2 91 7 92 2 93 1 94 2 95 5 96 2 97 5 98 1 99 1 100 2 101 1 102 1 104 4 105 2 106 1 109 1 110 2 111 3 117 2 118 1 119 1 121 8 122 3 123 1 124 2 126 1 128 1 129 1 131 7 132 1 133 6 135 4 137 12 139 2 140 6 141 1 142 8 143 2 144 2 148 3 150 4 151 5 153 4 154 3 155 3 156 11 157 3 158 9 162 10 163 1
Cephalosporin 109891 66 8 1 11 1 24 1 36 6 45 1 47 5 50 1 59 2 64 2 65 4 71 1 76 2 77 1 78 1 79 4 80 1 81 4 83 2 84 1 85 1 88 4 89 1 91 1 92 2 93 1 94 1 95 4 96 2 97 4 98 1 99 1 101 1 102 1 104 3 105 2 106 2 110 2 116 1 117 2 119 1 121 7 122 1 123 2 124 1 126 1 131 3 132 2 133 4 135 2 137 13 140 7 141 2 142 6 143 2 144 1 148 1 150 3 151 3 153 2 154 4 155 2 156 10 157 3 158 6 162 10 163 1
Cephalosporin 090261 71 8 1 11 1 36 2 45 1 47 3 50 1 52 3 54 2 59 2 64 2 65 2 70 2 72 1 75 2 76 2 77 3 79 5 80 1 81 2 83 1 84 1 85 1 86 1 88 3 89 1 90 1 91 4 92 4 93 2 94 3 95 7 96 1 97 1 98 1 99 1 101 1 104 3 105 2 106 1 108 1 110 3 111 2 112 1 117 3 121 8 122 2 123 2 124 3 126 1 131 4 132 1 133 2 137 10 139 1 140 7 141 2 142 7 143 4 144 1 148 2 150 4 151 3 152 1 153 4 154 4 155 3 156 10 157 4 158 7 162 5 163 1
Cephalosporin 189332 67 8 1 11 1 24 1 28 1 36 4 45 1 47 4 52 2 53 1 59 2 64 4 65 4 69 2 70 1 71 1 76 2 77 2 78 1 79 5 80 2 81 4 83 2 84 1 85 1 88 4 89 1 90 1 91 2 92 2 94 3 95 4 96 2 97 4 98 1 99 1 101 1 102 1 104 1 105 2 106 1 110 2 117 2 119 1 121 9 122 1 123 1 124 3 129 1 131 6 133 4 135 2 137 13 139 2 140 5 142 8 143 2 148 1 150 2 151 4 153 2 154 3 155 1 156 9 157 1 158 6 162 10 163 1
Cephalosporin 090370 65 8 1 11 1 24 1 34 1 36 4 45 1 47 3 50 1 65 2 71 1 72 2 76 2 77 1 78 1 79 4 80 1 81 2 83 1 84 1 85 1 88 2 89 1 91 2 92 2 94 1 95 4 96 1 97 6 98 1 99 2 101 1 102 1 104 3 105 2 106 1 109 1 110 2 111 1 117 2 119 1 121 5 122 1 123 2 124 1 126 1 131 5 132 2 133 4 135 2 137 9 139 2 140 7 142 5 143 2 148 1 150 2 151 3 153 2 154 4 155 1 156 8 157 3 158 6 162 5 163 1
Cephalosporin 141720 62 8 1 11 1 24 1 36 4 45 1 47 3 54 1 65 2 71 1 72 3 76 1 77 1 78 1 79 4 80 1 81 2 83 1 84 1 85 1 88 2 89 1 91 2 92 2 94 1 95 4 96 1 97 6 98 1 99 1 101 1 102 1 105 2 106 1 110 2 113 4 117 2 119 1 121 5 122 1 123 2 124 1 126 1 131 7 133 4 135 2 137 9 139 4 140 9 142 5 143 6 144 1 148 1 150 2 151 3 152 3 153 1 154 4 156 8 157 5 158 6 162 11 163 2
Cephalosporin 138250 67 8 1 11 1 24 1 28 1 36 4 45 1 47 3 50 1 65 2 66 1 71 1 74 3 76 2 77 1 78 1 79 4 80 1 81 2 83 1 84 1 85 1 88 2 89 3 91 1 92 2 93 1 94 1 95 4 96 1 97 4 98 1 99 1 101 1 102 1 105 2 106 1 108 3 109 1 110 2 112 1 115 1 117 2 119 1 121 5 122 1 123 3 124 1 126 3 131 3 133 4 135 2 137 9 140 7 141 5 142 5 143 2 148 1 150 2 151 3 153 2 154 4 155 1 156 8 157 5 158 6 162 5 163 1
Cephalosporin 112175 67 8 1 11 1 24 1 28 1 36 6 45 1 47 4 50 1 65 4 66 1 71 1 74 3 76 2 77 1 78 1 79 4 80 1 81 3 83 2 84 1 85 1 88 3 89 3 91 1 92 2 93 1 94 1 95 4 96 2 97 4 98 1 99 2 101 1 102 1 105 2 106 1 108 3 109 1 110 2 112 1 117 2 119 1 121 7 122 1 123 3 124 1 126 3 131 3 133 4 135 2 137 13 140 7 141 5 142 6 143 2 144 1 148 1 150 3 151 3 153 2 154 4 155 1 156 9 157 5 158 6 162 10 163 1
Cephalosporin 101081 60 8 1 11 1 24 1 34 1 36 4 45 1 47 3 50 1 53 1 65 2 69 1 71 1 76 2 77 1 78 1 79 4 80 1 81 2 83 1 84 1 85 1 88 2 89 1 91 2 92 2 94 1 95 4 96 1 97 4 98 1 99 2 101 1 102 1 105 2 106 1 110 2 117 2 119 1 121 5 122 1 123 1 124 1 131 5 133 4 135 2 137 9 139 2 140 5 142 5 143 2 148 1 150 2 151 3 153 1 154 3 156 8 157 1 158 6 162 5 163 1
Cephalosporin 176379 67 8 1 11 1 24 1 36 4 45 1 47 3 50 1 53 1 65 2 69 1 71 1 76 2 77 1 78 1 79 4 80 1 81 2 83 1 84 1 85 1 86 3 88 2 89 1 91 3 92 2 93 1 94 1 95 4 96 1 97 5 98 1 99 1 101 1 102 1 105 2 106 1 108 1 109 1 110 2 115 1 117 2 119 1 121 5 122 1 123 1 124 1 126 1 131 5 133 4 135 2 137 9 139 2 140 6 141 1 142 5 143 2 148 1 150 2 151 3 153 2 154 3 155 1 156 8 157 3 158 6 162 5 163 1
Cephalosporin 153268 61 8 1 11 1 23 1 28 1 36 4 45 1 47 3 50 2 65 2 66 1 74 3 76 3 77 1 79 2 80 1 81 2 83 1 84 2 85 1 88 2 89 2 90 2 91 2 92 2 95 3 96 1 97 3 98 1 99 2 101 1 105 2 106 2 108 3 109 2 110 4 112 1 114 1 117 4 121 5 122 1 123 4 126 3 131 5 133 4 135 2 137 9 140 8 141 4 142 5 143 2 148 1 150 2 151 5 153 3 154 5 155 3 156 8 157 6 158 7 162 5 163 1
Cephalosporin 144202 56 8 1 11 1 36 4 45 1 47 4 50 1 52 1 54 1 59 2 64 2 65 2 72 1 76 2 79 2 80 1 81 3 83 1 85 1 88 3 91 3 92 2 94 1 95 4 96 1 97 1 98 1 99 1 101 1 105 2 106 1 110 2 117 2 121 6 122 1 123 1 124 1 131 3 133 2 137 10 139 2 140 5 141 1 142 4 143 2 148 1 150 2 151 1 152 1 153 2 154 3 155 1 156 7 157 2 158 5 162 11 163 2
Cephalosporin 106459 47 8 1 11 1 36 2 45 1 47 1 54 2 76 2 79 3 81 1 84 1 85 1 87 2 88 1 91 2 92 2 95 4 97 1 98 1 99 1 101 1 103 1 104 1 105 2 107 1 110 2 117 2 121 3 122 1 123 1 131 4 133 2 134 1 137 5 139 1 140 4 142 3 143 2 148 1 150 2 151 3 153 1 154 3 156 6 157 1 158 6 162 6 163 2
Cephalosporin 185023 69 8 1 11 1 24 1 28 1 34 1 36 4 45 1 47 3 50 1 65 2 66 1 71 1 74 3 76 2 77 1 78 1 79 4 80 1 81 2 83 1 84 1 85 1 88 2 89 2 91 2 92 2 94 1 95 5 96 1 97 4 98 1 99 2 101 1 102 1 104 1 105 2 106 1 108 3 109 1 110 2 111 1 112 1 117 2 119 1 121 5 122 1 123 3 124 1 126 2 131 4 133 4 135 2 137 9 139 1 140 7 141 3 142 5 143 2 148 1 150 2 151 3 153 2 154 4 155 1 156 8 157 4 158 6 162 5 163 1
Corticosteroid 168221 38 26 1 42 2 50 1 66 4 72 1 76 1 87 5 91 1 96 1 99 2 101 6 103 1 104 5 105 6 107 4 108 8 112 4 114 1 115 2 116 1 123 1 126 1 128 5 129 2 131 1 132 4 134 3 139 1 140 5 141 4 143 6 150 6 152 6 153 1 154 3 155 2 157 3 163 3
Corticosteroid 136805 30 26 1 50 1 66 3 76 1 91 1 96 1 99 2 101 6 104 2 105 6 108 9 112 3 114 1 115 2 116 5 118 1 128 6 129 2 131 1 132 2 139 1 140 3 141 5 143 4 150 4 152 3 154 2 155 1 157 1 163 3
Corticosteroid 107010 36 26 1 50 1 66 3 72 1 76 1 81 1 88 1 91 2 96 1 99 1 101 6 104 8 105 6 108 8 112 3 114 2 115 3 116 4 118 4 123 1 126 1 128 14 129 6 131 1 132 7 139 1 140 6 141 4 143 6 150 2 152 6 153 1 154 4 155 4 157 3 163 3
Corticosteroid 188136 43 26 1 42 2 50 1 57 4 66 4 72 3 76 1 83 1 87 5 89 2 91 2 96 2 99 1 101 10 104 9 105 8 107 4 108 7 109 1 112 4 114 2 115 4 116 3 118 15 123 2 126 1 128 16 129 14 131 1 132 8 134 2 137 4 139 1 140 7 141 4 143 4 150 3 152 7 153 1 154 3 155 16 157 7 163 3
Corticosteroid 188135 43 26 1 42 2 50 1 57 4 66 4 72 3 76 1 82 1 83 1 87 5 89 2 91 2 96 2 99 1 101 10 104 7 105 8 107 4 108 6 109 1 112 4 114 1 115 3 116 2 118 2 123 1 128 9 129 2 131 2 132 6 134 2 137 4 139 2 140 6 141 3 143 4 150 3 152 7 153 1 154 2 155 3 157 6 163 3
Corticosteroid 154424 37 26 1 50 4 66 3 72 2 74 1 76 4 89 1 90 3 91 2 96 1 99 5 101 6 104 3 105 6 108 10 109 1 112 3 115 3 116 8 118 4 123 1 126 1 128 10 129 5 131 2 132 3 139 2 140 6 141 6 143 6 150 2 152 6 153 1 154 3 155 5 157 4 163 3
Corticosteroid 117492 38 15 1 26 1 50 1 66 3 72 2 76 1 89 1 91 1 96 1 99 2 101 6 104 5 105 6 106 1 108 8 109 2 112 3 114 2 115 1 116 3 118 2 123 4 126 3 128 8 129 5 131 1 132 5 139 1 140 8 141 4 143 6 150 2 152 6 153 2 154 4 155 3 157 7 163 3
Corticosteroid 129983 41 26 1 50 1 57 2 66 4 72 3 76 1 83 1 87 3 91 1 96 2 99 2 101 6 103 2 104 2 105 6 107 3 108 8 112 4 115 2 116 2 118 1 123 1 126 1 128 6 129 2 131 1 132 2 134 2 137 2 139 1 140 6 141 3 143 6 150 6 152 7 153 1 154 3 155 1 157 3 162 5 163 3
Corticosteroid 170014 40 15 1 26 1 28 1 50 1 66 3 72 2 76 1 91 1 96 1 99 2 101 6 103 1 104 2 105 6 106 1 108 6 109 2 112 3 114 1 115 1 116 3 118 2 123 4 126 3 128 7 129 3 131 1 132 2 134 1 139 1 140 7 141 3 143 6 150 2 152 5 153 2 154 3 155 2 157 7 163 3
Corticosteroid 090741 40 26 1 42 2 46 1 50 1 66 4 72 2 76 2 87 7 89 1 91 1 96 1 99 2 101 6 104 4 105 6 107 5 108 8 109 1 112 4 115 1 116 3 118 1 123 2 126 2 128 7 129 4 131 1 132 3 134 3 139 1 140 7 141 4 143 6 150 5 152 6 153 1 154 4 155 1 157 5 163 3
Corticosteroid 167983 40 26 1 28 1 42 3 50 1 66 4 72 1 76 1 81 1 87 5 88 1 91 1 96 1 99 2 101 6 104 4 105 6 107 4 108 6 112 4 114 1 115 2 116 1 123 1 126 1 128 3 129 2 131 1 132 3 134 3 139 1 140 5 141 4 143 6 150 6 152 5 153 1 154 3 155 2 157 3 163 3
Corticosteroid 111914 41 26 1 42 1 50 1 66 4 72 2 76 1 87 3 89 1 90 3 91 2 96 1 99 2 101 6 104 4 105 6 107 3 108 9 109 1 112 4 114 1 115 3 116 3 118 14 123 1 126 1 128 16 129 14 131 2 132 4 134 1 139 2 140 6 141 4 143 6 150 6 152 6 153 1 154 3 155 15 157 4 163 3
Corticosteroid 164968 33 26 1 50 1 66 3 72 1 76 1 91 1 96 1 99 2 101 6 104 4 105 6 108 8 112 3 114 1 115 1 116 4 118 2 123 1 126 1 128 7 129 3 131 1 132 4 139 1 140 5 141 4 143 6 150 2 152 6 154 3 155 1 157 3 163 3
Corticosteroid 162123 40 26 1 50 1 57 4 62 4 66 3 72 3 74 1 76 1 83 1 89 2 91 1 96 2 99 2 101 10 104 3 105 8 108 8 109 1 112 3 115 1 116 2 118 5 123 2 126 1 128 6 129 4 131 1 132 3 137 4 139 1 140 7 141 4 143 4 150 1 152 7 153 1 154 3 155 1 157 7 163 4
Corticosteroid 166657 36 26 1 50 1 66 3 72 1 76 1 82 1 88 1 91 3 96 1 99 1 101 6 104 6 105 6 108 7 112 3 114 1 115 3 116 4 118 4 123 1 126 1 128 14 129 5 131 2 132 6 139 1 140 5 141 3 143 6 150 2 152 6 153 1 154 3 155 3 157 3 163 3
Corticosteroid 091057 39 26 1 50 1 57 4 66 3 72 3 76 1 82 1 83 1 89 2 91 1 96 2 99 2 101 10 104 5 105 8 108 6 109 1 112 3 114 1 115 2 116 2 118 2 123 1 128 7 129 2 131 2 132 5 137 4 139 2 140 6 141 3 143 4 150 1 152 7 153 1 154 2 155 3 157 6 163 3
Corticosteroid 091480 40 26 1 50 1 66 4 72 2 76 1 87 3 89 1 91 1 96 1 99 2 101 6 103 1 104 6 105 6 107 3 108 9 109 1 112 4 114 2 115 2 116 2 118 1 123 2 126 2 128 6 129 3 131 1 132 6 134 1 139 1 140 7 141 5 143 6 150 6 152 6 153 1 154 4 155 3 157 5 163 3
Corticosteroid 159710 42 26 1 42 1 50 1 66 4 72 2 76 1 86 3 87 3 89 1 91 1 93 1 96 1 99 2 101 6 104 4 105 6 107 3 108 8 109 1 112 4 114 1 115 3 116 2 118 1 123 1 126 2 128 6 129 2 131 1 132 4 134 1 139 1 140 6 141 5 143 6 150 6 152 6 153 1 154 3 155 2 157 5 163 3
Opioid 173614 49 57 2 66 2 72 2 75 2 83 1 85 1 86 4 89 1 90 3 91 3 93 1 95 2 96 1 98 1 100 2 101 19 104 6 105 10 109 1 111 3 112 2 113 4 115 1 116 1 118 3 121 2 122 1 126 1 128 11 129 6 131 2 132 3 137 4 139 2 140 5 141 1 142 1 143 7 144 3 148 1 152 7 153 3 154 1 155 2 156 1 157 6 158 3 162 6 163 4
Opioid 091305 48 57 2 66 2 72 2 75 2 83 1 85 1 86 3 89 1 90 3 91 2 93 2 95 1 96 1 98 1 100 1 101 19 104 4 105 10 108 1 111 2 112 2 113 4 115 1 116 2 118 2 121 2 122 1 126 1 128 8 129 3 131 1 132 2 137 4 139 1 140 4 141 2 142 1 143 7 144 3 148 1 152 7 153 1 154 1 156 1 157 5 158 3 162 6 163 4
Opioid 091357 43 11 1 57 2 66 2 72 2 75 2 83 1 85 1 86 1 89 1 90 4 91 4 95 1 96 1 98 1 100 2 101 19 104 4 105 10 111 2 112 2 113 4 118 4 121 2 122 1 128 11 129 6 131 3 132 2 137 4 139 3 140 4 142 1 143 7 144 3 148 1 152 7 153 2 155 1 156 1 157 5 158 3 162 6 163 4
Opioid 150526 49 53 2 54 2 57 4 66 1 72 9 75 2 83 1 85 1 86 3 89 6 93 1 96 1 98 2 100 1 101 19 104 3 105 10 108 1 111 2 112 1 113 4 115 1 116 2 118 2 121 2 122 1 123 2 126 1 128 8 129 3 131 5 132 1 137 6 139 5 140 9 141 1 142 1 143 12 144 3 148 1 150 4 152 8 153 1 154 1 156 1 157 11 158 3 162 6 163 5
Opioid 091355 49 22 1 57 2 66 5 72 2 74 3 75 2 83 1 85 1 86 1 89 1 90 1 91 1 93 1 96 1 98 1 100 2 101 30 104 3 105 14 108 6 111 2 112 5 113 4 116 2 118 2 121 2 122 1 126 1 128 14 129 8 131 2 132 1 137 4 139 2 140 4 141 5 142 1 143 5 144 3 148 1 150 1 152 9 153 2 155 1 156 1 157 6 158 3 162 6 163 6
Opioid 278204 48 22 1 57 2 66 5 72 2 74 3 75 2 83 1 85 1 86 1 89 1 90 1 93 1 96 1 98 1 99 1 100 2 101 30 104 2 105 14 108 4 111 2 112 5 113 4 116 1 118 1 121 2 122 1 126 1 128 8 129 5 131 2 137 4 139 2 140 4 141 5 142 1 143 5 144 3 148 1 150 1 152 9 153 2 155 1 156 1 157 6 158 3 162 6 163 6
Opioid 283383 47 57 2 66 3 72 2 75 2 83 1 85 1 86 3 89 1 93 2 95 1 96 1 98 1 100 1 101 19 104 4 105 10 108 7 111 2 112 3 113 4 115 1 116 5 118 2 121 2 122 1 126 1 128 8 129 3 131 1 132 2 137 4 139 1 140 4 141 3 142 1 143 7 144 3 148 1 150 1 152 9 153 1 154 1 156 1 157 5 158 3 162 6 163 4
Opioid 179330 41 22 1 57 2 66 1 72 2 75 2 83 1 85 1 96 1 98 1 100 1 101 19 104 3 105 10 108 2 111 2 112 1 113 4 116 3 118 2 121 2 122 1 123 1 126 1 128 10 129 3 132 1 137 4 140 4 141 2 142 1 143 4 144 3 148 1 152 4 153 1 154 2 156 2 157 4 158 3 162 6 163 4
Opioid 222693 53 57 2 65 2 66 1 72 1 75 2 80 1 83 1 85 1 86 3 90 1 91 1 92 1 93 2 95 1 96 1 97 1 98 2 100 1 101 19 104 3 105 10 108 1 110 1 111 3 112 1 113 4 115 1 116 2 117 1 118 2 121 4 122 1 126 1 128 8 129 3 131 1 133 2 137 6 140 3 141 2 142 3 143 2 144 3 148 1 151 1 152 3 153 1 154 1 156 3 157 4 158 5 162 12 163 5
Opioid 217944 53 22 1 57 4 66 2 72 1 75 2 83 2 85 2 86 1 89 1 90 3 91 3 92 1 93 1 95 2 96 2 98 1 99 1 100 2 101 19 104 4 105 10 108 1 110 1 111 3 112 2 113 4 116 1 117 1 118 2 121 2 122 2 128 11 129 5 131 2 132 1 133 2 137 6 139 2 140 5 141 1 142 2 143 5 144 3 148 2 152 6 153 2 154 1 155 1 156 3 157 4 158 6 162 11 163 4
Opioid 219842 53 57 2 65 2 66 1 72 1 75 2 80 1 83 1 85 1 86 3 90 1 91 1 92 1 93 1 95 1 96 1 97 1 98 2 100 1 101 19 104 3 105 10 108 1 110 1 111 3 112 1 113 4 115 1 116 2 117 1 118 2 121 4 122 1 128 8 129 3 131 2 133 2 137 6 139 1 140 3 141 1 142 3 143 2 144 3 148 1 151 1 152 3 153 1 154 1 156 3 157 3 158 5 162 12 163 5
Opioid 226494 45 22 1 57 2 64 2 66 1 72 1 75 2 81 2 83 1 85 1 86 1 88 1 95 1 96 1 98 1 100 2 101 19 104 2 105 10 108 1 111 1 112 1 113 4 118 2 121 2 122 1 123 1 126 1 128 7 129 2 137 4 140 5 141 2 142 1 143 4 144 3 148 1 152 4 153 2 154 3 155 1 156 1 157 4 158 3 162 6 163 4
Opioid 185269 41 22 1 57 2 66 1 72 2 75 2 83 1 85 1 96 1 98 1 100 1 101 19 104 3 105 10 108 2 111 2 112 1 113 4 116 3 118 2 121 2 122 1 128 10 129 3 131 1 132 1 137 4 139 1 140 3 141 1 142 1 143 4 144 3 148 1 152 4 153 1 154 1 156 2 157 3 158 3 162 6 163 4
Opioid 144748 55 24 1 57 2 66 2 71 1 72 1 75 2 78 1 83 1 85 1 86 3 89 2 90 3 91 2 93 1 94 1 95 2 96 1 98 1 100 1 101 19 102 1 104 4 105 10 108 1 111 3 112 2 113 6 115 1 116 2 118 2 119 1 121 2 122 1 124 1 126 1 128 8 129 3 131 2 132 1 133 2 137 4 139 2 140 4 141 1 142 2 143 7 144 3 148 1 152 7 153 1 156 2 157 5 158 3 162 12 163 5
Opioid 145961 53 22 1 24 1 57 2 66 2 71 1 72 1 75 2 78 1 83 1 85 1 86 1 89 2 90 3 91 3 94 1 95 2 96 1 98 1 100 2 101 19 102 1 104 5 105 10 109 1 111 4 112 2 113 4 118 2 119 1 121 2 122 1 124 1 126 1 128 12 129 5 131 2 132 1 133 2 137 4 139 2 140 4 142 2 143 5 144 3 148 1 152 6 153 3 155 2 156 2 157 5 158 3 162 12 163 5
Opioid 145962 52 22 1 24 1 57 2 66 2 71 1 72 1 75 2 78 1 83 1 85 1 86 1 89 2 90 3 91 3 94 1 95 2 96 1 98 1 100 2 101 19 102 1 104 4 105 10 111 3 112 2 113 6 118 2 119 1 121 2 122 1 124 1 126 1 128 11 129 5 131 2 132 1 133 2 137 4 139 2 140 4 142 2 143 7 144 3 148 1 152 7 153 2 155 1 156 2 157 5 158 3 162 12 163 5
Opioid 147727 56 22 1 57 2 66 2 72 2 75 2 79 1 83 1 85 1 86 1 87 2 90 3 91 3 92 1 93 1 96 1 97 1 98 1 99 1 100 2 101 19 103 1 104 4 105 10 107 1 110 1 111 3 112 2 113 4 117 1 118 2 121 2 122 1 126 1 128 11 129 5 131 1 132 1 133 3 134 1 137 4 140 4 141 1 142 2 143 4 144 3 148 1 151 1 152 4 153 2 154 2 155 1 156 5 157 4 158 5 162 12 163 5
Opioid 263567 64 13 1 24 1 34 1 57 2 66 2 71 1 72 2 75 2 83 1 85 1 86 1 87 4 89 2 90 3 91 3 92 1 93 1 94 1 95 2 96 1 98 1 99 1 100 2 101 19 102 1 103 2 104 6 105 10 107 2 108 2 110 1 111 4 112 2 113 4 117 1 118 2 121 2 122 2 124 1 126 1 128 10 129 5 131 2 132 2 133 2 134 2 137 4 139 2 140 5 141 1 142 2 143 5 144 4 148 2 150 1 152 6 153 2 154 1 155 2 156 3 157 5 158 5 162 12 163 5
Opioid 263568 63 13 1 22 1 24 1 57 2 66 2 71 1 72 2 75 2 83 1 85 1 86 1 87 4 89 2 90 3 91 3 92 1 93 1 94 1 95 2 96 1 98 1 100 2 101 19 102 1 103 2 104 4 105 10 107 2 108 1 110 1 111 3 112 2 113 4 117 1 118 2 121 2 122 2 124 1 126 1 128 11 129 5 131 2 132 1 133 2 134 2 137 4 139 2 140 5 141 1 142 2 143 5 144 4 148 2 150 1 152 6 153 2 154 1 155 1 156 3 157 5 158 5 162 12 163 5
Opioid 279578 54 25 1 43 2 57 2 66 4 72 2 74 1 75 2 77 3 78 1 83 1 84 1 85 1 89 1 90 4 91 7 93 1 96 1 98 1 100 1 101 30 104 3 105 14 106 1 108 4 111 2 112 4 113 4 116 3 118 2 119 1 121 2 122 1 126 1 128 10 129 6 131 5 132 1 137 4 139 2 140 4 141 3 142 3 143 5 144 3 148 1 150 1 151 3 152 9 153 1 156 2 157 6 158 4 162 6 163 6
ProtonePumpInhibitor 152767 53 42 2 47 2 51 2 59 2 60 1 61 1 64 2 65 6 67 1 72 1 73 1 77 1 79 1 81 1 83 1 88 1 90 1 93 2 95 3 96 1 97 4 98 1 101 1 102 1 104 2 105 2 106 2 107 1 108 1 111 1 113 6 121 6 124 1 126 3 131 1 132 1 134 2 137 6 140 4 141 2 142 3 143 6 144 2 148 1 150 2 151 1 152 3 153 1 155 1 156 4 157 6 162 16 163 2
ProtonePumpInhibitor 090859 49 47 2 51 2 59 2 60 1 61 1 64 2 65 6 67 1 73 1 77 1 79 1 81 1 83 1 88 1 90 1 93 2 95 2 96 1 97 4 98 1 101 1 102 1 104 2 105 2 106 1 111 1 113 4 116 1 121 6 124 1 126 2 131 1 132 1 137 6 140 3 141 4 142 3 143 4 144 3 148 1 150 3 151 1 152 2 153 1 155 1 156 4 157 4 162 16 163 2
ProtonePumpInhibitor 123065 54 42 3 47 2 51 2 59 2 60 1 61 1 64 2 65 6 67 1 73 1 77 1 79 1 81 1 83 1 88 1 90 1 95 2 96 1 97 3 98 1 101 1 102 1 104 5 105 2 106 2 107 4 108 1 109 1 111 1 112 1 113 2 116 1 121 6 124 1 126 1 131 1 132 1 134 3 137 6 140 2 141 1 142 3 143 2 144 2 148 1 150 2 151 1 152 1 153 2 155 2 156 4 157 2 162 16 163 2
ProtonePumpInhibitor 144867 54 47 2 51 2 59 2 60 1 61 1 64 2 65 6 67 1 72 1 73 1 77 1 79 1 81 1 83 1 86 1 88 1 90 1 95 2 96 1 97 3 98 1 101 1 102 1 104 4 105 2 106 1 108 1 109 3 111 1 113 2 116 1 118 1 121 6 124 1 126 2 129 1 131 1 132 3 137 6 140 3 141 1 142 3 143 2 144 2 148 1 150 2 151 1 152 1 153 4 155 4 156 4 157 4 162 22 163 3
ProtonePumpInhibitor 144868 61 42 3 47 2 51 2 59 2 60 1 61 1 64 2 65 6 67 1 72 2 73 1 77 1 79 1 81 1 83 1 86 4 88 1 90 1 93 1 95 2 96 1 97 3 98 1 101 1 102 1 104 6 105 2 106 2 107 4 108 1 109 4 111 1 112 1 113 2 115 1 116 2 118 2 121 6 124 1 126 3 128 1 129 2 131 1 132 5 134 3 137 6 140 4 141 2 142 3 143 2 144 2 148 1 150 2 151 1 152 1 153 5 155 5 156 4 157 6 162 16 163 2
ProtonePumpInhibitor 141604 60 47 2 51 2 57 2 59 2 60 1 61 1 62 4 64 2 65 6 67 1 73 1 77 1 78 1 79 1 81 1 83 2 88 1 90 1 92 1 93 1 95 3 96 2 97 3 98 1 100 1 101 1 102 1 104 4 105 2 106 1 109 1 110 1 111 2 113 2 116 1 117 1 118 1 119 1 121 8 124 1 126 1 131 1 132 2 137 10 140 3 141 3 142 4 143 2 144 3 148 1 150 3 151 1 152 1 153 3 155 1 156 5 157 4 158 1 162 16 163 2
ProtonePumpInhibitor 136362 53 42 1 47 2 51 2 59 2 60 1 61 1 64 2 65 6 67 1 73 1 77 1 79 1 81 1 83 1 87 2 88 1 90 1 93 1 95 2 96 1 97 3 98 1 101 1 102 1 104 2 105 2 106 1 107 1 111 1 113 2 116 1 121 6 124 1 126 1 131 1 132 1 134 1 137 6 140 2 141 3 142 3 143 2 144 3 148 1 150 3 151 1 152 1 153 1 155 1 156 4 157 2 162 16 163 2
ProtonePumpInhibitor 139540 46 47 2 51 2 59 2 60 1 61 1 64 2 65 6 67 1 73 1 77 1 79 1 81 1 83 1 88 1 90 1 93 1 95 2 96 1 97 1 98 1 101 2 102 1 104 2 105 4 106 1 111 1 113 2 121 6 124 1 126 1 131 1 132 1 137 6 140 2 141 1 142 3 143 2 148 1 151 1 152 1 153 1 155 1 156 4 157 2 162 21 163 3
ProtonePumpInhibitor 143225 47 36 2 47 2 51 2 59 4 60 1 61 1 62 4 64 2 65 6 67 1 73 1 77 1 79 1 80 1 81 3 83 2 85 1 88 2 95 2 96 2 97 2 98 1 100 1 101 3 102 1 104 1 105 4 106 1 108 2 114 1 121 7 122 1 124 1 137 9 140 1 141 2 142 3 143 2 144 3 148 2 150 3 153 2 155 1 156 4 158 1 162 16 163 2
ProtonePumpInhibitor 146030 45 38 1 47 2 51 2 59 2 60 1 61 1 64 2 65 6 67 1 73 1 77 2 79 1 81 1 83 1 84 1 88 1 90 1 91 2 95 2 96 1 97 1 98 1 101 1 102 1 104 2 105 2 106 1 111 1 121 6 124 1 131 3 132 1 133 2 135 2 137 6 140 1 142 4 148 1 151 3 153 1 155 1 156 5 158 1 162 16 163 2
ProtonePumpInhibitor 147831 46 38 1 47 2 51 2 59 2 60 1 61 1 64 2 65 6 67 1 73 1 77 2 79 1 81 1 83 1 84 1 88 1 90 1 91 2 95 2 96 1 97 1 98 1 101 1 102 1 104 2 105 2 106 1 111 1 121 6 124 1 131 3 132 1 133 2 135 2 137 6 140 1 141 1 142 4 148 1 151 3 153 1 155 1 156 5 158 1 162 16 163 2
ProtonePumpInhibitor 147832 46 38 1 47 2 51 2 59 2 60 1 61 1 64 2 65 6 67 1 73 1 77 2 79 1 81 1 83 1 84 1 88 1 90 1 91 2 95 2 96 1 97 1 98 1 101 1 102 1 104 2 105 2 106 1 111 1 121 6 124 1 131 3 132 1 133 2 135 2 137 6 140 1 141 1 142 4 148 1 151 3 153 1 155 1 156 5 158 1 162 16 163 2
ProtonePumpInhibitor 147833 49 38 1 47 2 51 2 59 2 60 1 61 1 64 2 65 6 67 1 73 1 77 2 79 1 81 1 83 1 84 1 87 2 88 1 90 1 91 2 95 2 96 1 97 1 98 1 101 1 102 1 103 1 104 2 105 2 106 1 107 1 111 1 121 6 124 1 131 3 132 1 133 2 134 1 135 2 137 6 140 1 142 4 148 1 151 3 153 1 155 1 156 5 158 1 162 16 163 2
ProtonePumpInhibitor 147834 49 38 1 42 3 47 2 51 2 59 2 60 1 61 1 64 2 65 6 67 1 73 1 77 2 79 1 81 1 83 1 84 1 88 1 90 1 91 2 95 2 96 1 97 1 98 1 101 1 102 1 104 2 105 2 106 2 107 4 111 1 112 1 121 6 124 1 131 3 132 1 133 2 134 3 135 2 137 6 140 1 142 4 148 1 151 3 153 1 155 1 156 5 158 1 162 16 163 2
ProtonePumpInhibitor 147835 52 38 1 47 2 51 2 59 2 60 1 61 1 64 2 65 6 67 1 73 1 77 2 79 1 81 1 83 1 84 1 88 1 90 1 91 2 93 1 95 2 96 1 97 2 98 1 101 1 102 1 104 2 105 2 106 1 111 1 113 2 121 6 124 1 126 1 131 3 132 1 133 2 135 2 137 6 140 2 141 1 142 4 143 2 148 1 151 3 152 1 153 1 155 1 156 5 157 2 158 1 162 16 163 2
ProtonePumpInhibitor 147836 53 38 1 47 2 51 2 59 2 60 1 61 1 64 2 65 6 67 1 73 1 77 2 79 1 81 1 83 1 84 1 88 1 90 1 91 2 95 2 96 1 97 2 98 1 101 1 102 1 104 2 105 2 106 1 109 1 111 1 113 2 114 1 121 6 124 1 126 1 131 3 132 1 133 2 135 2 137 6 140 2 141 1 142 4 143 2 148 1 151 3 152 1 153 2 155 2 156 5 157 2 158 1 162 16 163 2
ProtonePumpInhibitor 147838 46 38 1 47 2 51 2 59 2 60 1 61 1 64 2 65 6 67 1 73 1 77 2 79 1 81 1 83 1 84 1 88 1 90 1 91 2 95 2 96 1 97 1 98 1 101 1 102 1 104 2 105 2 106 1 111 1 121 6 124 1 131 3 132 1 133 2 135 2 137 6 140 1 141 2 142 4 148 1 151 3 153 1 155 1 156 5 158 1 162 16 163 2
ProtonePumpInhibitor 147840 49 38 1 47 2 51 2 59 2 60 1 61 1 64 2 65 6 67 1 73 1 77 2 79 1 81 1 82 1 83 1 84 1 88 1 90 1 91 2 95 2 96 1 97 1 98 1 101 1 102 1 104 2 105 2 106 1 109 1 111 1 121 6 124 1 131 4 132 1 133 2 135 2 137 6 139 1 140 2 142 4 148 1 151 3 153 2 155 2 156 5 157 1 158 1 162 16 163 2
ProtonePumpInhibitor 147725 61 42 3 47 2 51 2 59 2 60 1 61 1 64 2 65 6 67 1 72 1 73 1 77 1 79 1 81 1 83 1 86 1 88 1 90 1 95 2 96 1 97 3 98 1 101 1 102 1 104 5 105 2 106 2 107 4 108 1 109 3 111 1 112 1 113 2 114 1 115 1 116 2 118 3 121 6 124 1 126 2 128 2 129 2 131 1 132 4 134 3 137 6 140 3 141 2 142 3 143 2 144 2 148 1 150 2 151 1 152 1 153 4 155 6 156 4 157 4 162 16 163 2
ProtonePumpInhibitor 149736 61 47 2 51 2 59 2 60 1 61 1 64 2 65 6 67 1 72 1 73 1 77 1 79 1 81 1 83 1 86 1 87 2 88 1 90 1 95 2 96 1 97 3 98 1 101 1 102 1 103 1 104 5 105 2 106 1 107 1 108 1 109 3 111 1 113 2 114 1 115 1 116 2 118 3 121 6 124 1 126 2 128 2 129 2 131 1 132 4 134 1 137 6 140 3 141 2 142 3 143 2 144 2 148 1 150 2 151 1 152 1 153 4 155 6 156 4 157 4 162 16 163 2
ProtonePumpInhibitor 149737 57 47 2 51 2 59 2 60 1 61 1 64 2 65 6 67 1 72 1 73 1 77 1 79 1 81 1 83 1 86 1 88 1 90 1 95 2 96 1 97 3 98 1 101 1 102 1 104 5 105 2 106 1 108 1 109 3 111 1 113 2 114 1 115 1 116 2 118 3 121 6 124 1 126 2 128 2 129 2 131 1 132 4 137 6 140 3 141 4 142 3 143 2 144 3 148 1 150 3 151 1 152 1 153 4 155 6 156 4 157 4 162 16 163 2
Statin 140568 31 26 1 50 1 57 2 76 1 89 3 91 3 98 1 99 1 101 1 104 6 105 2 108 2 115 2 116 2 118 2 123 1 128 5 129 3 131 2 132 6 137 2 139 2 140 4 141 2 143 6 150 2 152 3 154 1 155 2 157 4 163 3
Statin 138396 38 26 1 50 1 53 1 57 2 66 1 74 1 76 1 89 4 91 3 98 1 99 2 101 1 104 7 105 2 108 1 112 1 113 4 115 3 116 1 118 1 123 2 126 1 128 3 129 1 131 3 132 7 137 2 139 3 140 7 141 4 143 10 150 1 152 5 154 2 155 3 157 7 162 6 163 4
Statin 141085 36 26 1 50 1 57 2 66 1 74 1 76 1 89 3 91 1 98 1 99 2 101 1 104 7 105 2 108 1 112 1 115 1 116 1 118 1 123 2 126 1 128 3 129 1 131 1 132 7 137 2 139 1 140 5 141 4 143 6 150 1 152 3 154 2 155 2 157 5 162 6 163 4
Statin 141086 37 26 1 50 1 57 2 66 1 74 1 76 1 89 3 91 1 98 1 99 2 101 1 104 7 105 2 108 1 112 1 113 2 115 1 116 1 118 1 123 2 126 1 128 3 129 1 131 2 132 7 137 2 139 2 140 6 141 4 143 8 150 1 152 4 154 2 155 2 157 6 162 6 163 4
Statin 141087 37 26 1 50 1 57 2 66 1 74 1 76 1 89 3 91 1 98 1 99 2 101 1 104 7 105 2 108 1 112 1 113 2 115 1 116 1 118 1 123 2 126 1 128 3 129 1 131 2 132 7 137 2 139 2 140 6 141 4 143 8 150 1 152 4 154 2 155 2 157 6 162 6 163 4
Statin 141088 39 26 1 50 1 57 2 66 1 74 1 76 1 82 1 89 3 91 1 98 1 99 2 101 1 104 7 105 2 108 1 109 1 112 1 115 1 116 1 118 1 123 2 126 1 128 3 129 1 131 2 132 7 137 2 139 2 140 6 141 4 143 6 150 1 152 3 153 1 154 2 155 3 157 6 162 6 163 4
Statin 141089 42 26 1 42 1 50 1 57 2 66 1 74 1 76 1 87 2 89 3 91 1 98 1 99 2 101 1 104 7 105 2 107 1 108 1 112 1 113 2 115 1 116 1 118 1 123 2 126 1 128 3 129 1 131 2 132 7 134 1 137 2 139 2 140 6 141 4 143 8 144 1 150 2 152 4 154 2 155 2 157 6 162 6 163 4
Statin 141090 38 26 1 50 1 57 2 66 1 74 1 76 1 89 3 91 1 93 1 98 1 99 2 101 1 104 7 105 2 108 1 112 1 113 2 115 1 116 1 118 1 123 2 126 2 128 3 129 1 131 1 132 7 137 2 139 1 140 6 141 5 143 8 150 1 152 4 154 2 155 2 157 7 162 6 163 4
Statin 141091 40 26 1 50 1 57 2 66 1 74 1 76 1 89 3 91 1 98 1 99 2 101 1 104 7 105 2 108 1 109 1 112 1 113 2 114 1 115 1 116 1 118 1 123 2 126 2 128 3 129 1 131 1 132 7 137 2 139 1 140 6 141 5 143 8 150 1 152 4 153 1 154 2 155 3 157 7 162 6 163 4
Statin 141092 36 26 1 50 1 57 2 66 1 74 1 76 1 89 3 91 1 98 1 99 2 101 1 104 7 105 2 108 1 112 1 115 3 116 1 118 1 123 2 126 1 128 3 129 1 131 1 132 7 137 2 139 1 140 5 141 4 143 6 150 1 152 3 154 2 155 3 157 5 162 6 163 4
Statin 141093 37 26 1 50 1 57 2 66 1 74 1 76 1 89 3 91 1 98 1 99 2 101 1 104 7 105 2 108 1 112 1 113 2 115 3 116 1 118 1 123 2 126 1 128 3 129 1 131 2 132 7 137 2 139 2 140 6 141 4 143 8 150 1 152 4 154 2 155 3 157 6 162 6 163 4
Statin 138237 35 22 1 26 1 50 1 57 2 66 1 76 1 89 3 91 1 98 1 99 2 101 1 104 7 105 2 108 1 112 1 115 3 116 1 118 1 123 2 126 1 128 3 129 1 131 1 132 7 137 2 139 1 140 5 141 3 143 6 150 1 152 3 154 2 155 2 157 5 163 3
Statin 141332 35 11 1 26 1 50 1 57 2 66 1 76 1 89 3 91 1 98 1 99 2 101 1 104 7 105 2 108 1 112 1 115 3 116 2 118 3 123 2 126 1 128 3 129 1 131 1 132 7 137 2 139 1 140 5 141 3 143 6 150 1 152 3 154 2 155 2 157 5 163 3
Statin 141333 39 11 1 26 1 50 1 57 2 64 2 66 1 76 1 81 3 88 1 89 3 91 1 93 1 98 1 99 2 101 1 104 9 105 2 108 2 112 1 115 1 116 3 118 3 123 2 126 1 128 3 129 1 131 1 132 7 137 2 139 1 140 5 141 3 143 6 150 1 152 3 154 2 155 2 157 5 163 3
Statin 141334 39 11 1 26 1 50 1 57 2 66 1 76 1 82 1 89 3 90 1 91 1 98 1 99 2 101 1 104 8 105 2 108 1 109 1 112 1 115 1 116 1 118 5 123 2 126 1 128 6 129 4 131 2 132 8 137 2 139 2 140 6 141 2 143 6 150 1 152 3 153 1 154 2 155 5 157 6 163 3
Statin 141335 37 11 1 26 1 50 1 57 2 66 1 76 1 89 3 91 1 98 1 99 2 101 1 104 7 105 2 108 1 112 1 113 2 115 1 116 1 118 3 123 2 126 1 128 3 129 2 131 2 132 7 137 2 139 2 140 6 141 2 143 8 150 1 152 4 154 2 155 3 157 6 162 6 163 4
Statin 141336 39 11 1 26 1 50 1 57 2 66 1 76 1 82 1 89 5 90 2 91 2 98 1 99 2 101 1 104 7 105 2 108 1 109 1 112 1 115 1 116 1 118 3 123 2 126 1 128 3 129 2 131 2 132 7 137 2 139 2 140 6 141 2 143 6 150 1 152 3 153 1 154 2 155 3 157 6 163 3
Statin 141338 35 26 1 50 1 57 2 66 1 76 1 89 3 91 1 96 1 98 1 99 2 101 1 104 7 105 2 108 3 112 1 115 3 116 3 118 4 123 2 126 1 128 3 129 1 131 1 132 7 137 2 139 1 140 5 141 3 143 6 150 1 152 3 154 2 155 2 157 5 163 3
Statin 141339 39 26 1 50 1 57 2 64 2 66 1 76 1 81 3 88 1 89 3 91 1 93 1 96 1 98 1 99 2 101 1 104 9 105 2 108 3 112 1 115 1 116 3 118 4 123 2 126 1 128 3 129 1 131 1 132 7 137 2 139 1 140 5 141 3 143 6 150 1 152 3 154 2 155 2 157 5 163 3
Statin 139538 46 23 1 26 1 50 1 53 2 66 1 74 3 76 1 89 3 90 2 91 3 99 2 101 1 104 7 105 2 106 1 108 1 109 1 110 2 112 1 116 1 117 2 118 1 123 3 126 2 128 2 129 1 131 4 132 7 133 2 135 2 139 3 140 8 141 4 142 1 143 2 150 1 151 1 152 3 153 1 154 3 155 5 156 2 157 7 158 2 162 6 163 3
Statin 142208 36 26 1 50 1 53 2 66 1 74 3 76 1 82 1 89 3 90 2 91 3 99 2 101 1 104 7 105 2 108 1 109 1 112 1 116 1 118 1 123 2 126 1 128 2 129 1 131 4 132 7 139 4 140 7 141 4 143 2 150 1 152 3 153 1 154 2 155 5 157 6 163 2
Statin 149163 37 26 1 34 1 50 2 57 2 66 1 74 1 76 2 89 3 91 1 98 1 99 3 101 1 104 7 105 2 108 1 112 1 114 1 115 2 116 1 118 1 123 2 126 1 128 3 129 1 131 1 132 7 137 2 139 1 140 5 141 4 143 6 150 1 152 3 154 2 155 3 157 5 163 3
Statin 151791 32 57 2 66 1 74 1 89 3 91 1 98 1 101 1 104 7 105 2 108 1 112 1 114 1 115 3 116 4 118 2 123 2 126 1 128 9 129 3 131 1 132 7 137 2 139 1 140 6 141 5 143 6 150 1 152 4 154 3 155 3 157 5 163 3
Statin 151790 33 57 2 66 1 74 1 89 3 90 2 91 1 98 1 101 1 104 7 105 2 108 1 112 1 114 1 115 3 116 4 118 2 123 2 126 1 128 9 129 3 131 2 132 7 137 2 139 2 140 6 141 5 143 6 150 1 152 4 154 2 155 3 157 6 163 3
Statin 155916 37 26 1 50 2 57 2 66 1 74 1 76 2 89 3 90 1 91 1 98 1 99 2 101 1 104 7 105 2 108 1 112 1 114 1 115 3 116 1 118 1 123 3 126 1 128 4 129 2 131 2 132 7 137 2 139 2 140 7 141 4 143 6 150 1 152 3 154 3 155 3 157 6 163 3
Statin 152989 50 23 1 26 1 50 2 57 2 66 1 74 1 76 2 89 3 90 1 91 1 98 1 99 2 101 1 104 7 105 2 106 1 108 1 109 1 110 2 112 1 114 1 115 3 116 1 117 2 118 1 123 3 126 2 128 4 129 2 131 2 132 7 133 2 135 2 137 2 139 1 140 7 141 4 142 1 143 6 150 1 151 1 152 3 153 1 154 3 155 4 156 2 157 7 158 2 162 6 163 4
Statin 158664 44 23 1 57 2 66 1 74 1 82 1 89 3 91 1 98 1 100 1 101 1 104 7 105 2 106 1 108 2 110 2 112 1 114 1 115 4 116 2 117 2 118 2 123 3 126 2 128 8 129 2 131 2 132 7 137 2 139 1 140 7 141 5 142 1 143 8 150 2 151 1 152 4 153 1 154 3 155 4 156 1 157 7 158 2 162 6 163 4